1606077597 403
1606077599 38032
1606169533 39223
1606929628 39314
1606939426 55962
1607189877 56046
1607189898 95207
1607191331 95247
1607191373 95282
1607191418 95327
1607191819 95373
1607192906 95379
1607193494 95588
1607195758 95596
1607195768 95705
1607198457 95843
1607198477 95818
1607198572 95845
1607199787 95797
1607208080 95827
1607217440 95861
1607291455 95907
1607291988 97663
1607293135 97665
1607309017 97875
1607348427 97904
1607348962 119858
1607349790 119833
1607351110 120009
1607351118 120028
1607363371 120211
1607363657 120266
1607365563 120332
1607366260 120337
1607368682 120612
1607369926 120618
1607371149 120659
1607375239 120792
1607375271 125325
1607380043 125493
1607380152 126233
1607383181 126244
1607383551 126285
1607385395 126310
1607415182 129349
1607434712 129349
